STN--- WBAN   YEARMODA    TEMP       DEWP      SLP        STP       VISIB      WDSP     MXSPD   GUST    MAX     MIN   PRCP   SNDP   FRSHTT 
722146 12816  19431109    53.2 24    44.0 24  9999.9  0  9999.9  0   80.2 24    4.1 24    8.9  999.9    60.3*   49.3* 99.99  999.9  010000 
722146 12816  19431106    59.1 24    47.8 24  9999.9  0  9999.9  0   29.1 24    2.8 24    8.9  999.9    77.4*   44.4*  0.00I 999.9  000000 
722146 12816  19431105    62.5 23    53.3 23  9999.9  0  9999.9  0   20.2 23    2.4 23    7.0  999.9    74.3*   54.3*  0.00I 999.9  100000 
722146 12816  19431104    63.7 24    52.5 24  9999.9  0  9999.9  0    6.5 24    4.2 24    8.9  999.9    76.3*   53.4*  0.00I 999.9  000000 
722146 12816  19431101    66.4 18    54.9 18  9999.9  0  9999.9  0   26.3 18    4.9 18    8.9  999.9    80.2*   51.3*  0.00I 999.9  000000 
722146 12816  19431102    68.4 24    60.7 24  9999.9  0  9999.9  0   51.4 24    1.8 24    7.0  999.9    81.3*   58.3*  0.00I 999.9  000000 
722146 12816  19431103    68.6 24    63.8 24  9999.9  0  9999.9  0   12.3 24    1.1 24    5.1  999.9    74.3*   64.4* 99.99  999.9  010000 
722146 12816  19431108    69.8 24    65.9 24  9999.9  0  9999.9  0   29.5 24    5.8 24   15.0  999.9    82.4*   55.4* 99.99  999.9  010000 
722146 12816  19431107    70.7 24    64.1 24  9999.9  0  9999.9  0   40.3 24    4.2 24   13.0  999.9    86.4*   58.3* 99.99  999.9  010010 
